1011;2011;3011;DineIn
1001;2001;3001;BiteX
1004;2004;3004;AromaDeli
1001;2021;3021;GustoCorto
1015;2015;3015;BocaExpress
1012;2012;3012;SaborFresco
1018;2018;3018;BocadoRápido
1005;2005;3005;SaborChef
1017;2017;3017;Aromática
1016;2016;3016;CaféCrisp
1003;2003;3003;SazónFresco
1002;2002;3002;GustoCafé
1010;2010;3010;Picante
1002;2022;3022;RincónChef
1006;2006;3006;RincónGourmet
1003;2023;3023;BistroCafé
1004;2024;3024;MesaXpress
1005;2025;3025;PlacerGastronómico
1013;2013;3013;DeliDía
1007;2007;3007;BocadoFeliz
1019;2019;3019;GrillX
1008;2008;3008;MesaCerca
1009;2009;3009;ChefXpress
1014;2014;3014;Saboreo
1020;2020;3020;SazónCasero
1002;2002;3002;REPETIDO
1004;2024;3024;REPETIDO
1010;2010;3010;REPETIDO